translate 0.000000 0.045720 5.410200
sphere 20 12 0.0254
translate -0.016180 0.045720 0.000000
sphere 20 12 0.0254
translate 0.016180 0.063500 0.000000
sphere 20 12 0.0254
translate -0.016180 0.081280 0.000000
sphere 20 12 0.0254
translate 0.016180 0.099060 0.000000
sphere 20 12 0.0254
translate -0.016180 0.116840 0.000000
sphere 20 12 0.0254
translate 0.016180 0.134620 0.000000
sphere 20 12 0.0254
translate -0.016180 0.152400 0.000000
sphere 20 12 0.0254
translate 0.016180 0.170180 0.000000
sphere 20 12 0.0254
translate -0.016180 0.187960 0.000000
sphere 20 12 0.0254
translate 0.016180 0.205740 0.000000
sphere 20 12 0.0254
translate -0.016180 0.223520 0.000000
sphere 20 12 0.0254
translate 0.016180 0.241300 0.000000
sphere 20 12 0.0254
translate -0.016180 0.259080 0.000000
sphere 20 12 0.0254
translate 0.016180 0.276860 0.000000
sphere 20 12 0.0254
translate -0.016180 0.294640 0.000000
sphere 20 12 0.0254
translate 0.016180 0.312420 0.000000
sphere 20 12 0.0254
translate -0.016180 0.330200 0.000000
sphere 20 12 0.0254
translate 0.016180 0.347980 0.000000
sphere 20 12 0.0254
translate -0.016180 0.366014 0.000000
sphere 20 12 0.0254
translate 0.016180 0.383540 0.000000
sphere 20 12 0.0254
translate -0.016180 0.401320 0.000000
sphere 20 12 0.0254
translate 0.016180 0.419354 0.000000
sphere 20 12 0.0254
translate -0.016180 0.436880 0.000000
sphere 20 12 0.0254
translate 0.016180 0.454914 0.000000
sphere 20 12 0.0254
translate -0.016180 0.472440 0.000000
sphere 20 12 0.0254
translate 0.016180 0.490220 0.000000
sphere 20 12 0.0254
translate -0.016180 0.508000 0.000000
sphere 20 12 0.0254
translate 0.016180 0.526288 0.000000
sphere 20 12 0.0254
translate -0.016180 0.543560 0.000000
sphere 20 12 0.0254
translate 0.016180 0.561340 0.000000
sphere 20 12 0.0254
translate -0.016180 0.579120 0.000000
sphere 20 12 0.0254
translate 0.016180 0.596900 0.000000
sphere 20 12 0.0254
translate -0.016180 0.614680 0.000000
sphere 20 12 0.0254
translate 0.016180 0.633476 0.000000
sphere 20 12 0.0254
translate -0.016180 0.651510 0.000000
sphere 20 12 0.0254
translate 0.016180 0.669290 0.000000
sphere 20 12 0.0254
translate -0.016180 0.688340 0.000000
sphere 20 12 0.0254
translate 0.016180 0.706120 0.000000
sphere 20 12 0.0254
translate -0.016180 0.723900 0.000000
sphere 20 12 0.0254
translate 0.016180 0.740918 0.000000
sphere 20 12 0.0254
translate -0.016180 0.758698 0.000000
sphere 20 12 0.0254
translate 0.016180 0.776732 0.000000
sphere 20 12 0.0254
translate -0.016180 0.794766 0.000000
sphere 20 12 0.0254
translate 0.016180 0.812546 0.000000
sphere 20 12 0.0254
translate -0.016180 0.830580 0.000000
sphere 20 12 0.0254
translate 0.016180 0.848614 0.000000
sphere 20 12 0.0254
translate -0.016180 0.866394 0.000000
sphere 20 12 0.0254
translate 0.016180 0.884428 0.000000
sphere 20 12 0.0254
translate -0.016180 0.902462 0.000000
sphere 20 12 0.0254
translate 0.016180 0.920496 0.000000
sphere 20 12 0.0254
translate -0.016180 0.938530 0.000000
sphere 20 12 0.0254
translate 0.016180 0.956564 0.000000
sphere 20 12 0.0254
translate -0.016180 0.974598 0.000000
sphere 20 12 0.0254
translate 0.016180 0.992632 0.000000
sphere 20 12 0.0254
translate -0.016180 1.010666 0.000000
sphere 20 12 0.0254
translate 0.016180 1.028700 0.000000
sphere 20 12 0.0254
translate -0.016180 1.046734 0.000000
sphere 20 12 0.0254
translate 0.016180 1.064768 0.000000
sphere 20 12 0.0254
translate -0.016180 1.082802 0.000000
sphere 20 12 0.0254
translate 0.016180 1.101090 0.000000
sphere 20 12 0.0254
translate -0.016180 1.119124 0.000000
sphere 20 12 0.0254
translate 0.016180 1.137158 0.000000
sphere 20 12 0.0254
translate -0.016180 1.155446 0.000000
sphere 20 12 0.0254
translate 0.016180 1.173480 0.000000
sphere 20 12 0.0254
translate -0.016180 1.191768 0.000000
sphere 20 12 0.0254
translate 0.016180 1.209802 0.000000
sphere 20 12 0.0254
translate -0.016180 1.228090 0.000000
sphere 20 12 0.0254
translate 0.016180 1.246124 0.000000
sphere 20 12 0.0254
translate -0.016180 1.264412 0.000000
sphere 20 12 0.0254
translate 0.016180 1.282700 0.000000
sphere 20 12 0.0254
translate -0.016180 1.300734 0.000000
sphere 20 12 0.0254
translate 0.016180 1.319022 0.000000
sphere 20 12 0.0254
translate -0.016180 1.337310 0.000000
sphere 20 12 0.0254
translate 0.016180 1.355598 0.000000
sphere 20 12 0.0254
translate -0.016180 1.373886 0.000000
sphere 20 12 0.0254
translate 0.016180 1.392174 0.000000
sphere 20 12 0.0254
translate -0.016180 1.410462 0.000000
sphere 20 12 0.0254
translate 0.016180 1.428750 0.000000
sphere 20 12 0.0254
translate -0.016180 1.447292 0.000000
sphere 20 12 0.0254
translate 0.016180 1.465580 0.000000
sphere 20 12 0.0254
translate -0.016180 1.483868 0.000000
sphere 20 12 0.0254
translate 0.016180 1.502410 0.000000
sphere 20 12 0.0254
translate -0.016180 1.520698 0.000000
sphere 20 12 0.0254
translate 0.016180 1.539240 0.000000
sphere 20 12 0.0254
translate -0.016180 1.557528 0.000000
sphere 20 12 0.0254
translate 0.016180 1.576070 0.000000
sphere 20 12 0.0254
translate -0.016180 1.594612 0.000000
sphere 20 12 0.0254
translate 0.016180 1.612900 0.000000
sphere 20 12 0.0254
translate -0.016180 1.631442 0.000000
sphere 20 12 0.0254
translate 0.016180 1.649984 0.000000
sphere 20 12 0.0254
translate -0.016180 1.668526 0.000000
sphere 20 12 0.0254
translate 0.016180 1.687068 0.000000
sphere 20 12 0.0254
translate -0.016180 1.705610 0.000000
sphere 20 12 0.0254
translate 0.016180 1.724152 0.000000
sphere 20 12 0.0254
translate -0.016180 1.742948 0.000000
sphere 20 12 0.0254
translate 0.016180 1.761490 0.000000
sphere 20 12 0.0254
translate -0.016180 1.780032 0.000000
sphere 20 12 0.0254
translate 0.016180 1.798828 0.000000
sphere 20 12 0.0254
translate -0.016180 1.817370 0.000000
sphere 20 12 0.0254
translate 0.016180 1.836166 0.000000
sphere 20 12 0.0254
translate -0.016180 1.854962 0.000000
sphere 20 12 0.0254
translate 0.016180 1.873758 0.000000
sphere 20 12 0.0254
translate -0.016180 1.892300 0.000000
sphere 20 12 0.0254
translate 0.016180 1.911096 0.000000
sphere 20 12 0.0254
translate -0.016180 1.929892 0.000000
sphere 20 12 0.0254
translate 0.016180 1.948688 0.000000
sphere 20 12 0.0254
translate -0.016180 1.967738 0.000000
sphere 20 12 0.0254
translate 0.016180 1.986534 0.000000
sphere 20 12 0.0254
translate -0.016180 2.005330 0.000000
sphere 20 12 0.0254
translate 0.016180 2.024380 0.000000
sphere 20 12 0.0254
translate -0.016180 2.043176 0.000000
sphere 20 12 0.0254
translate 0.016180 2.062226 0.000000
sphere 20 12 0.0254
translate -0.016180 2.081022 0.000000
sphere 20 12 0.0254
translate 0.016180 2.100072 0.000000
sphere 20 12 0.0254
translate -0.016180 2.119122 0.000000
sphere 20 12 0.0254
translate 0.016180 2.138172 0.000000
sphere 20 12 0.0254
translate -0.016180 2.157222 0.000000
sphere 20 12 0.0254
translate 0.016180 2.176272 0.000000
sphere 20 12 0.0254
translate -0.016180 2.195322 0.000000
sphere 20 12 0.0254
translate 0.016180 2.214372 0.000000
sphere 20 12 0.0254
translate -0.016180 2.233676 0.000000
sphere 20 12 0.0254
translate 0.016180 2.252726 0.000000
sphere 20 12 0.0254
translate -0.016180 2.272030 0.000000
sphere 20 12 0.0254
translate 0.016180 2.291080 0.000000
sphere 20 12 0.0254
translate -0.016180 2.310384 0.000000
sphere 20 12 0.0254
translate 0.016180 2.329688 0.000000
sphere 20 12 0.0254
translate -0.016180 2.348992 0.000000
sphere 20 12 0.0254
translate 0.016180 2.368296 0.000000
sphere 20 12 0.0254
translate -0.016180 2.387600 0.000000
sphere 20 12 0.0254
translate 0.016180 2.406904 0.000000
sphere 20 12 0.0254
translate -0.016180 2.426462 0.000000
sphere 20 12 0.0254
translate 0.016180 2.445766 0.000000
sphere 20 12 0.0254
translate -0.016180 2.465324 0.000000
sphere 20 12 0.0254
translate 0.016180 2.484628 0.000000
sphere 20 12 0.0254
translate -0.016180 2.504186 0.000000
sphere 20 12 0.0254
translate 0.016180 2.523744 0.000000
sphere 20 12 0.0254
translate -0.016180 2.543302 0.000000
sphere 20 12 0.0254
translate 0.016180 2.562860 0.000000
sphere 20 12 0.0254
translate -0.016180 2.582418 0.000000
sphere 20 12 0.0254
translate 0.016180 2.601976 0.000000
sphere 20 12 0.0254
translate -0.016180 2.621788 0.000000
sphere 20 12 0.0254
translate 0.016180 2.641346 0.000000
sphere 20 12 0.0254
translate -0.016180 2.661158 0.000000
sphere 20 12 0.0254
translate 0.016180 2.680716 0.000000
sphere 20 12 0.0254
translate -0.016180 2.700528 0.000000
sphere 20 12 0.0254
translate 0.016180 2.720340 0.000000
sphere 20 12 0.0254
translate -0.016180 2.740152 0.000000
sphere 20 12 0.0254
translate 0.016180 2.759964 0.000000
sphere 20 12 0.0254
translate -0.016180 2.779776 0.000000
sphere 20 12 0.0254
translate 0.016180 2.799842 0.000000
sphere 20 12 0.0254
translate -0.016180 2.819654 0.000000
sphere 20 12 0.0254
translate 0.016180 2.839720 0.000000
sphere 20 12 0.0254
translate -0.016180 2.859786 0.000000
sphere 20 12 0.0254
translate 0.016180 2.879598 0.000000
sphere 20 12 0.0254
translate -0.016180 2.899664 0.000000
sphere 20 12 0.0254
translate 0.016180 2.919984 0.000000
sphere 20 12 0.0254
translate -0.016180 2.940050 0.000000
sphere 20 12 0.0254
translate 0.016180 2.960116 0.000000
sphere 20 12 0.0254
translate -0.016180 2.980436 0.000000
sphere 20 12 0.0254
translate 0.016180 3.000502 0.000000
sphere 20 12 0.0254
translate -0.016180 3.020822 0.000000
sphere 20 12 0.0254
translate 0.016180 3.041142 0.000000
sphere 20 12 0.0254
translate -0.016180 3.061462 0.000000
sphere 20 12 0.0254
translate 0.016180 3.081782 0.000000
sphere 20 12 0.0254
translate -0.016180 3.102102 0.000000
sphere 20 12 0.0254
translate 0.016180 3.122422 0.000000
sphere 20 12 0.0254
translate -0.016180 3.142996 0.000000
sphere 20 12 0.0254
translate 0.016180 3.163316 0.000000
sphere 20 12 0.0254
translate -0.016180 3.183890 0.000000
sphere 20 12 0.0254
translate 0.016180 3.204464 0.000000
sphere 20 12 0.0254
translate -0.016180 3.225038 0.000000
sphere 20 12 0.0254
translate 0.016180 3.245612 0.000000
sphere 20 12 0.0254
translate -0.016180 3.266186 0.000000
sphere 20 12 0.0254
translate 0.016180 3.287014 0.000000
sphere 20 12 0.0254
translate -0.016180 3.307588 0.000000
sphere 20 12 0.0254
translate 0.016180 3.328416 0.000000
sphere 20 12 0.0254
translate -0.016180 3.349244 0.000000
sphere 20 12 0.0254
translate 0.016180 3.370072 0.000000
sphere 20 12 0.0254
translate -0.016180 3.390900 0.000000
sphere 20 12 0.0254
translate 0.016180 3.411728 0.000000
sphere 20 12 0.0254
translate -0.016180 3.432556 0.000000
sphere 20 12 0.0254
translate 0.016180 3.453638 0.000000
sphere 20 12 0.0254
translate -0.016180 3.474466 0.000000
sphere 20 12 0.0254
translate 0.016180 3.495548 0.000000
sphere 20 12 0.0254
translate -0.016180 3.516630 0.000000
sphere 20 12 0.0254
translate 0.016180 3.537712 0.000000
sphere 20 12 0.0254
translate -0.016180 3.558794 0.000000
sphere 20 12 0.0254
translate 0.016180 3.580000 0.000000
sphere 20 12 0.0254
translate -0.016180 3.601212 0.000000
sphere 20 12 0.0254
translate 0.016180 3.622548 0.000000
sphere 20 12 0.0254
translate -0.016180 3.643884 0.000000
sphere 20 12 0.0254
translate 0.016180 3.665220 0.000000
sphere 20 12 0.0254
translate -0.016180 3.686556 0.000000
sphere 20 12 0.0254
translate 0.016180 3.707892 0.000000
sphere 20 12 0.0254
translate -0.016180 3.729482 0.000000
sphere 20 12 0.0254
translate 0.016180 3.750818 0.000000
sphere 20 12 0.0254
translate -0.016180 3.772408 0.000000
sphere 20 12 0.0254
translate 0.016180 3.793998 0.000000
sphere 20 12 0.0254
translate -0.016180 3.815588 0.000000
sphere 20 12 0.0254
translate 0.016180 3.837178 0.000000
sphere 20 12 0.0254
translate -0.016180 3.859022 0.000000
sphere 20 12 0.0254
translate 0.016180 3.880612 0.000000
sphere 20 12 0.0254
translate -0.016180 3.902456 0.000000
sphere 20 12 0.0254
translate 0.016180 3.924300 0.000000
sphere 20 12 0.0254
translate -0.016180 3.946144 0.000000
sphere 20 12 0.0254
translate 0.016180 3.967988 0.000000
sphere 20 12 0.0254
translate -0.016180 3.990086 0.000000
sphere 20 12 0.0254
translate 0.016180 4.011930 0.000000
sphere 20 12 0.0254
translate -0.016180 4.034028 0.000000
sphere 20 12 0.0254
translate 0.016180 4.056126 0.000000
sphere 20 12 0.0254
translate -0.016180 4.078224 0.000000
sphere 20 12 0.0254
translate 0.016180 4.100322 0.000000
sphere 20 12 0.0254
translate -0.016180 4.122420 0.000000
sphere 20 12 0.0254
translate 0.016180 4.144772 0.000000
sphere 20 12 0.0254
translate -0.016180 4.167124 0.000000
sphere 20 12 0.0254
translate 0.016180 4.189476 0.000000
sphere 20 12 0.0254
translate -0.016180 4.211828 0.000000
sphere 20 12 0.0254
translate 0.016180 4.234180 0.000000
sphere 20 12 0.0254
translate -0.016180 4.256532 0.000000
sphere 20 12 0.0254
translate 0.016180 4.279138 0.000000
sphere 20 12 0.0254
translate -0.016180 4.301744 0.000000
sphere 20 12 0.0254
translate 0.016180 4.324350 0.000000
sphere 20 12 0.0254
translate -0.016180 4.346956 0.000000
sphere 20 12 0.0254
translate 0.016180 4.369562 0.000000
sphere 20 12 0.0254
translate -0.016180 4.392422 0.000000
sphere 20 12 0.0254
translate 0.016180 4.415028 0.000000
sphere 20 12 0.0254
translate -0.016180 4.437888 0.000000
sphere 20 12 0.0254
translate 0.016180 4.460748 0.000000
sphere 20 12 0.0254
translate -0.016180 4.483862 0.000000
sphere 20 12 0.0254
translate 0.016180 4.506722 0.000000
sphere 20 12 0.0254
translate -0.016180 4.529836 0.000000
sphere 20 12 0.0254
translate 0.016180 4.552950 0.000000
sphere 20 12 0.0254
translate -0.016180 4.576064 0.000000
sphere 20 12 0.0254
translate 0.016180 4.599178 0.000000
sphere 20 12 0.0254
translate -0.016180 4.622292 0.000000
sphere 20 12 0.0254
translate 0.016180 4.645660 0.000000
sphere 20 12 0.0254
translate -0.016180 4.669028 0.000000
sphere 20 12 0.0254
translate 0.016180 4.698492 0.000000
sphere 20 12 0.0254
translate -0.016180 4.722114 0.000000
sphere 20 12 0.0254
translate 0.016180 4.749800 0.000000
sphere 20 12 0.0254
translate -0.016180 4.749800 0.029972
sphere 20 12 0.0254
translate 0.016180 4.749800 0.064516
sphere 20 12 0.0254
translate -0.016180 4.749800 0.091694
sphere 20 12 0.0254
translate 0.016180 4.749800 0.125984
sphere 20 12 0.0254
translate -0.016180 4.749800 0.153162
sphere 20 12 0.0254
translate 0.016180 4.749800 0.187198
sphere 20 12 0.0254
translate -0.016180 4.749800 0.214122
sphere 20 12 0.0254
translate 0.016180 4.749800 0.247904
sphere 20 12 0.0254
translate -0.016180 4.749800 0.274574
sphere 20 12 0.0254
translate 0.016180 4.749800 0.308102
sphere 20 12 0.0254
translate -0.016180 4.749800 0.334772
sphere 20 12 0.0254
translate 0.016180 4.749800 0.368046
sphere 20 12 0.0254
translate -0.016180 4.749800 0.394716
sphere 20 12 0.0254
translate 0.016180 4.749800 0.427736
sphere 20 12 0.0254
translate -0.016180 4.749800 0.453898
sphere 20 12 0.0254
translate 0.016180 4.749800 0.486918
sphere 20 12 0.0254
translate -0.016180 4.749800 0.513080
sphere 20 12 0.0254
translate 0.016180 4.749800 0.545592
sphere 20 12 0.0254
translate -0.016180 4.749800 0.571754
sphere 20 12 0.0254
translate 0.016180 4.749800 0.604266
sphere 20 12 0.0254
translate -0.016180 4.749800 0.629920
sphere 20 12 0.0254
translate 0.016180 4.749800 0.662178
sphere 20 12 0.0254
translate -0.016180 4.749800 0.687832
sphere 20 12 0.0254
translate 0.016180 4.749800 0.720090
sphere 20 12 0.0254
translate -0.016180 4.749800 0.745490
sphere 20 12 0.0254
translate 0.016180 4.749800 0.777494
sphere 20 12 0.0254
translate -0.016180 4.749800 0.802640
sphere 20 12 0.0254
translate 0.016180 4.749800 0.834390
sphere 20 12 0.0254
translate -0.016180 4.749800 0.859536
sphere 20 12 0.0254
translate 0.016180 4.749800 0.891032
sphere 20 12 0.0254
translate -0.016180 4.749800 0.916178
sphere 20 12 0.0254
translate 0.016180 4.749800 0.947420
sphere 20 12 0.0254
translate -0.016180 4.749800 0.972312
sphere 20 12 0.0254
translate 0.016180 4.749800 1.003554
sphere 20 12 0.0254
translate -0.016180 4.749800 1.028192
sphere 20 12 0.0254
translate 0.016180 4.749800 1.059180
sphere 20 12 0.0254
translate -0.016180 4.749800 1.083818
sphere 20 12 0.0254
translate 0.016180 4.749800 1.114552
sphere 20 12 0.0254
translate -0.016180 4.749800 1.138936
sphere 20 12 0.0254
translate 0.016180 4.749800 1.169670
sphere 20 12 0.0254
translate -0.016180 4.749800 1.193800
sphere 20 12 0.0254
translate 0.016180 4.749800 1.231138
sphere 20 12 0.0254
translate -0.016180 4.749800 1.255268
sphere 20 12 0.0254
translate 0.016180 4.749800 1.292352
sphere 20 12 0.0254
translate -0.016180 4.749800 1.316228
sphere 20 12 0.0254
translate 0.016180 4.749800 1.353058
sphere 20 12 0.0254
translate -0.016180 4.749800 1.376934
sphere 20 12 0.0254
translate 0.016180 4.749800 1.413510
sphere 20 12 0.0254
translate -0.016180 4.749800 1.437132
sphere 20 12 0.0254
translate 0.016180 4.749800 1.473454
sphere 20 12 0.0254
translate -0.016180 4.749800 1.503299
sphere 20 12 0.0254
translate 0.016180 4.749800 1.533144
sphere 20 12 0.0254
translate -0.016180 4.749800 1.556512
sphere 20 12 0.0254
translate 0.016180 4.749800 1.592326
sphere 20 12 0.0254
translate -0.016180 4.749800 1.615440
sphere 20 12 0.0254
translate 0.016180 4.749800 1.651254
sphere 20 12 0.0254
translate -0.016180 4.749800 1.674368
sphere 20 12 0.0254
translate 0.016180 4.749800 1.709674
sphere 20 12 0.0254
translate -0.016180 4.749800 1.732788
sphere 20 12 0.0254
translate 0.016180 4.749800 1.767840
sphere 20 12 0.0254
translate -0.016180 4.749800 1.790700
sphere 20 12 0.0254
translate 0.016180 4.749800 1.825752
sphere 20 12 0.0254
translate -0.016180 4.749800 1.848358
sphere 20 12 0.0254
translate 0.016180 4.749800 1.883156
sphere 20 12 0.0254
translate -0.016180 4.749800 1.905762
sphere 20 12 0.0254
translate 0.016180 4.749800 1.940306
sphere 20 12 0.0254
translate -0.016180 4.749800 1.962658
sphere 20 12 0.0254
translate 0.016180 4.749800 1.997202
sphere 20 12 0.0254
translate -0.016180 4.749800 2.019554
sphere 20 12 0.0254
translate 0.016180 4.749800 2.053590
sphere 20 12 0.0254
translate -0.016180 4.749800 2.075688
sphere 20 12 0.0254
translate 0.016180 4.749800 2.109724
sphere 20 12 0.0254
translate -0.016180 4.749800 2.131822
sphere 20 12 0.0254
translate 0.016180 4.749800 2.165604
sphere 20 12 0.0254
translate -0.016180 4.749800 2.187702
sphere 20 12 0.0254
translate 0.016180 4.749800 2.221230
sphere 20 12 0.0254
translate -0.016180 4.749800 2.243074
sphere 20 12 0.0254
translate 0.016180 4.749800 2.276348
sphere 20 12 0.0254
translate -0.016180 4.749800 2.298192
sphere 20 12 0.0254
translate 0.016180 4.749800 2.331466
sphere 20 12 0.0254
translate -0.016180 4.749800 2.353056
sphere 20 12 0.0254
translate 0.016180 4.749800 2.386076
sphere 20 12 0.0254
translate -0.016180 4.749800 2.407412
sphere 20 12 0.0254
translate 0.016180 4.749800 2.440432
sphere 20 12 0.0254
translate -0.016180 4.749800 2.461768
sphere 20 12 0.0254
translate 0.016180 4.749800 2.494534
sphere 20 12 0.0254
translate -0.016180 4.749800 2.515616
sphere 20 12 0.0254
translate 0.016180 4.749800 2.548128
sphere 20 12 0.0254
translate -0.016180 4.749800 2.569464
sphere 20 12 0.0254
translate 0.016180 4.749800 2.601722
sphere 20 12 0.0254
translate -0.016180 4.749800 2.622804
sphere 20 12 0.0254
translate 0.016180 4.749800 2.655062
sphere 20 12 0.0254
translate -0.016180 4.749800 2.675890
sphere 20 12 0.0254
translate 0.016180 4.749800 2.707894
sphere 20 12 0.0254
translate -0.016180 4.749800 2.728722
sphere 20 12 0.0254
translate 0.016180 4.749800 2.760726
sphere 20 12 0.0254
translate -0.016180 4.749800 2.781300
sphere 20 12 0.0254
translate 0.016180 4.749800 2.813050
sphere 20 12 0.0254
translate -0.016180 4.749800 2.833878
sphere 20 12 0.0254
translate 0.016180 4.749800 2.865374
sphere 20 12 0.0254
translate -0.016180 4.749800 2.885948
sphere 20 12 0.0254
translate 0.016180 4.749800 2.917444
sphere 20 12 0.0254
translate -0.016180 4.749800 2.937764
sphere 20 12 0.0254
translate 0.016180 4.749800 2.969006
sphere 20 12 0.0254
translate -0.016180 4.749800 2.989326
sphere 20 12 0.0254
translate 0.016180 4.749800 3.020568
sphere 20 12 0.0254
translate -0.016180 4.749800 3.040888
sphere 20 12 0.0254
translate 0.016180 4.749800 3.071876
sphere 20 12 0.0254
translate -0.016180 4.749800 3.091942
sphere 20 12 0.0254
translate 0.016180 4.749800 3.122930
sphere 20 12 0.0254
translate -0.016180 4.749800 3.142996
sphere 20 12 0.0254
translate 0.016180 4.749800 3.173730
sphere 20 12 0.0254
translate -0.016180 4.749800 3.193796
sphere 20 12 0.0254
translate 0.016180 4.749800 3.224530
sphere 20 12 0.0254
translate -0.016180 4.749800 3.244342
sphere 20 12 0.0254
translate 0.016180 4.749800 3.274822
sphere 20 12 0.0254
